99999843,1 2192940958 10000
12
21
50
74
91
95
99
106
107
120
131
136
139
143
150
152
156
159
163
164
185
198
214
227
237
250
287
323
328
340
351
362
363
398
408
427
436
497
500
512
513
540
544
565
574
586
633
638
645
651
675
676
717
731
740
748
767
771
773
783
786
806
834
863
908
942
947
961
978
982
986
1001
1004
1008
1054
1066
1098
1119
1129
1144
1188
1193
1199
1214
1217
1240
1259
1262
1274
1277
1280
1291
1310
1311
1313
1348
1350
1374
1391
1454
1475
1512
1527
1589
1591
1609
1614
1624
1647
1662
1663
1667
1700
1735
1806
1809
1810
1825
1881
1892
1902
1904
1909
1931
1939
1969
2019
2042
2088
2099
2113
2124
2133
2153
2160
2189
2194
2208
2253
2259
2294
2321
2363
2370
2380
2437
2456
2475
2515
2521
2553
2599
2624
2630
2658
2677
2680
2690
2717
2727
2744
2777
2780
2786
2793
2794
2826
2834
2839
2865
2871
2899
2919
2938
2945
2951
2980
2988
2992
3020
3036
3051
3069
3076
3077
3092
3100
3176
3183
3197
3219
3228
3244
3261
3273
3309
3354
3361
3375
3442
3453
3467
3495
3497
3507
3534
3541
3546
3552
3557
3604
3613
3616
3624
3628
3651
3669
3679
3690
3754
3757
3787
3815
3850
3856
3877
3890
3957
3973
4039
4047
4069
4092
4133
4135
4138
4146
4160
4241
4274
4344
4347
4378
4384
4393
4421
4427
4441
4442
4494
4500
4504
4519
4521
4535
4563
4588
4593
4601
4629
4643
4645
4659
4678
4688
4691
4759
4781
4825
4845
4849
4865
4885
4902
4924
4946
4950
4999
5003
5037
5051
5113
5167
5173
5174
5188
5197
5200
5203
5210
5225
5255
5266
5281
5282
5293
5300
5313
5337
5346
5381
5415
5420
5466
5519
5558
5580
5585
5618
5634
5656
5684
5709
5735
5768
5774
5798
5799
5806
5816
5833
5834
5836
5859
5897
5916
5922
5953
5964
5991
5992
5999
6045
6056
6076
6085
6090
6104
6110
6115
6124
6138
6143
6176
6184
6214
6215
6220
6223
6227
6243
6246
6260
6317
6342
6398
6425
6436
6445
6498
6503
6508
6511
6514
6516
6532
6536
6539
6552
6579
6583
6595
6618
6659
6675
6700
6710
6724
6749
6774
6775
6776
6804
6820
6836
6851
6889
6915
6929
6932
6940
6941
6948
6956
7011
7029
7034
7035
7069
7083
7121
7124
7164
7175
7222
7263
7276
7292
7301
7315
7334
7448
7451
7502
7507
7510
7523
7573
7578
7608
7648
7649
7651
7661
7691
7707
7723
7736
7742
7747
7749
7782
7792
7818
7826
7829
7832
7848
7865
7870
7881
7899
7909
7923
7961
7977
8012
8013
8019
8064
8075
8081
8090
8099
8152
8153
8197
8205
8229
8258
8298
8319
8367
8368
8370
8419
8420
8439
8441
8443
8523
8567
8576
8610
8614
8622
8671
8681
8698
8701
8725
8738
8741
8747
8751
8752
8754
8765
8832
8846
8858
8877
8887
8923
8957
8965
8979
9004
9008
9009
9021
9044
9108
9112
9200
9201
9202
9205
9223
9260
9297
9298
9317
9369
9379
9401
9452
9455
9488
9503
9539
9550
9561
9575
9585
9633
9647
9661
9667
9686
9695
9721
9722
9727
9738
9749
9787
9816
9854
9867
9872
9897
9937
9946
9949
9958
9963
9987
9989
9997
